t,x,y,pupil
0.0,0.4896,0.5495,3.203
0.033,0.4775,0.545,3.041
0.067,0.4587,0.5483,4.087
0.1,0.4492,0.5327,4.086
0.133,0.4638,0.516,3.451
0.167,0.4677,0.5565,3.634
0.2,0.4649,0.5222,4.097
0.233,0.4679,0.547,4.081
0.267,0.4713,0.5367,3.925
0.3,0.4521,0.5427,3.808
0.333,0.4749,0.5528,3.979
0.367,0.4869,0.545,3.061
0.4,0.4493,0.5195,2.666
0.433,0.4559,0.5403,3.168
0.467,0.4596,0.5524,3.683
0.5,0.472,0.5411,3.124
0.533,0.478,0.5408,3.316
0.567,0.4521,0.5662,3.493
0.6,0.4866,0.555,3.467
0.633,0.4601,0.5146,3.054
0.667,0.451,0.5241,3.406
0.7,0.4796,0.5475,3.862
0.733,0.4865,0.5624,3.742
0.767,0.4753,0.541,3.492
0.8,0.4647,0.5327,3.415
0.833,0.4551,0.5429,4.083
0.867,0.4728,0.5319,4.168
0.9,0.4593,0.5422,3.092
0.933,0.4847,0.5377,3.243
0.967,0.4724,0.5302,3.289
1.0,0.466,0.5329,3.735
1.033,0.4656,0.5296,3.487
1.067,0.4738,0.5523,3.361
1.1,0.4577,0.5535,4.153
1.133,0.4642,0.5323,3.682
1.167,0.4432,0.5077,3.156
1.2,0.4779,0.5236,3.5
1.233,0.4787,0.5373,3.444
1.267,0.472,0.5527,4.098
1.3,0.4682,0.4975,2.727
1.333,0.4482,0.5484,3.473
1.367,0.493,0.5356,3.569
1.4,0.4606,0.52,3.984
1.433,0.4756,0.5152,3.496
1.467,0.4541,0.5384,3.803
1.5,0.4703,0.5336,3.813
1.533,0.4818,0.5218,2.801
1.567,0.4547,0.5317,3.258
1.6,0.4698,0.5327,3.231
1.633,0.4929,0.5295,3.519
1.667,0.436,0.5274,2.956
1.7,0.4608,0.528,3.635
1.733,0.462,0.5232,3.342
1.767,0.4357,0.5454,3.56
1.8,0.4116,0.512,2.559
1.833,0.4416,0.5378,3.6
1.867,0.4482,0.5282,3.581
1.9,0.424,0.5421,2.898
1.933,0.4467,0.5184,3.368
1.967,0.4424,0.5539,3.677
2.0,0.4428,0.5176,4.293
2.033,0.4362,0.5276,3.201
2.067,0.4455,0.543,3.478
2.1,0.43,0.5241,3.119
2.133,0.4537,0.541,3.67
2.167,0.4578,0.5142,2.891
2.2,0.4297,0.5443,3.199
2.233,0.4297,0.536,3.493
2.267,0.4407,0.5229,3.444
2.3,0.4592,0.5318,3.292
2.333,0.4351,0.5301,3.286
2.367,0.4443,0.5128,3.169
2.4,0.4308,0.5164,3.805
2.433,0.4156,0.544,3.442
2.467,0.4588,0.5465,2.895
2.5,0.4197,0.5369,3.631
2.533,0.4496,0.5251,3.656
2.567,0.4513,0.5184,3.975
2.6,0.4282,0.5218,4.161
2.633,0.4325,0.5197,3.47
2.667,0.453,0.519,4.028
2.7,0.4356,0.5242,3.591
2.733,0.4681,0.5211,3.721
2.767,0.447,0.5542,3.297
2.8,0.4269,0.5219,3.474
2.833,0.4373,0.5159,3.341
2.867,0.4562,0.5262,2.67
2.9,0.4541,0.5385,3.36
2.933,0.4416,0.5436,2.864
2.967,0.4376,0.5448,3.593
3.0,0.4254,0.523,2.501
3.033,0.4559,0.5067,3.538
3.067,0.4471,0.5271,2.787
3.1,0.4347,0.5236,3.114
3.133,0.4568,0.5136,3.368
3.167,0.4514,0.5378,3.624
3.2,0.4362,0.531,3.056
3.233,0.4498,0.5249,3.428
3.267,0.4231,0.5355,3.878
3.3,0.4312,0.5271,3.428
3.333,0.5778,0.683,3.681
3.367,0.5836,0.6851,3.454
3.4,0.5534,0.6744,3.944
3.433,0.5588,0.69,3.798
3.467,0.589,0.6859,3.972
3.5,0.5613,0.6913,3.444
3.533,0.5622,0.6847,3.39
3.567,0.5593,0.665,2.303
3.6,0.5569,0.6819,3.015
3.633,0.5658,0.6869,3.042
3.667,0.5581,0.6875,3.836
3.7,0.5663,0.6967,3.287
3.733,0.586,0.6791,3.047
3.767,0.575,0.6846,3.359
3.8,0.5793,0.6784,3.172
3.833,0.5869,0.6756,3.015
3.867,0.5506,0.6846,2.958
3.9,0.5724,0.6917,3.848
3.933,0.5809,0.6832,4.063
3.967,0.575,0.6832,3.414
4.0,0.5658,0.6671,3.583
4.033,0.5639,0.6806,3.811
4.067,0.5465,0.6764,3.288
4.1,0.5619,0.6806,3.587
4.133,0.564,0.6824,2.947
4.167,0.571,0.6972,2.655
4.2,0.5696,0.6787,3.139
4.233,0.574,0.6599,3.896
4.267,0.5609,0.6989,3.406
4.3,0.5799,0.6827,2.939
4.333,0.5867,0.6795,3.622
4.367,0.5707,0.678,3.943
4.4,0.5524,0.6929,3.088
4.433,0.5715,0.6805,3.702
4.467,0.5697,0.674,4.334
4.5,0.5466,0.6835,3.322
4.533,0.5999,0.6935,3.519
4.567,0.5703,0.6706,3.177
4.6,0.574,0.6861,2.89
4.633,0.5723,0.6917,2.92
4.667,0.5623,0.6945,3.853
4.7,0.5756,0.6751,3.666
4.733,0.5703,0.6858,3.391
4.767,0.5829,0.6825,4.274
4.8,0.5807,0.7105,3.338
4.833,0.2879,0.5102,3.536
4.867,0.2801,0.5105,3.797
4.9,0.3152,0.5222,3.226
4.933,0.2863,0.5052,3.081
4.967,0.3101,0.5308,3.275
5.0,0.288,0.4986,3.047
5.033,0.3129,0.5046,3.539
5.067,0.2871,0.5215,3.574
5.1,0.2793,0.5007,3.243
5.133,0.3111,0.5013,2.629
5.167,0.3086,0.4942,3.249
5.2,0.3088,0.5145,2.939
5.233,0.3189,0.5059,3.289
5.267,0.2952,0.5077,3.596
5.3,0.312,0.5,4.079
5.333,0.2978,0.5323,4.02
5.367,0.3088,0.5176,2.938
5.4,0.2932,0.5192,3.539
5.433,0.2855,0.491,3.251
5.467,0.2882,0.5259,3.563
5.5,0.3015,0.4977,4.199
5.533,0.2952,0.5143,3.763
5.567,0.3136,0.4893,3.662
5.6,0.3155,0.5201,3.32
5.633,0.2911,0.5041,3.226
5.667,0.3054,0.5054,3.383
5.7,0.3011,0.4962,3.75
5.733,0.2776,0.538,4.14
5.767,0.3015,0.5116,3.749
5.8,0.3056,0.5249,3.443
5.833,0.3106,0.4965,3.487
5.867,0.4997,0.5808,3.818
5.9,0.5096,0.5927,4.203
5.933,0.4756,0.5771,4.332
5.967,0.511,0.5843,3.138
6.0,0.5068,0.5662,2.942
6.033,0.515,0.5806,3.891
6.067,0.4968,0.5598,3.86
6.1,0.5136,0.5658,3.947
6.133,0.5147,0.5944,4.208
6.167,0.5094,0.5789,3.441
6.2,0.5084,0.5928,3.852
6.233,0.5238,0.5772,3.086
6.267,0.5158,0.5767,4.025
6.3,0.501,0.5854,3.466
6.333,0.5059,0.566,3.454
6.367,0.4889,0.5881,3.059
6.4,0.4954,0.5629,4.075
6.433,0.5038,0.5851,3.893
6.467,0.4862,0.5838,3.772
6.5,0.5116,0.5616,2.964
6.533,0.4933,0.5741,3.199
6.567,0.5301,0.5732,3.939
6.6,0.52,0.5875,3.446
6.633,0.4879,0.5762,3.576
6.667,0.5188,0.5702,3.638
6.7,0.5216,0.5632,3.328
6.733,0.4893,0.5709,3.939
6.767,0.5148,0.5716,2.688
6.8,0.518,0.5577,4.157
6.833,0.5,0.5926,4.133
6.867,0.4775,0.5799,3.686
6.9,0.4963,0.5673,3.808
6.933,0.5031,0.5586,3.449
6.967,0.5181,0.5832,4.243
7.0,0.5216,0.5782,3.259
7.033,0.4956,0.584,3.112
7.067,0.4909,0.5652,3.671
7.1,0.5322,0.5892,3.289
7.133,0.5123,0.5941,3.367
7.167,0.5035,0.5833,4.161
7.2,0.4972,0.5723,2.678
7.233,0.5081,0.5942,3.776
7.267,0.4987,0.589,3.062
7.3,0.5069,0.5552,3.563
7.333,0.4345,0.6307,3.688
7.367,0.4335,0.6258,3.622
7.4,0.4344,0.5978,2.865
7.433,0.44,0.5998,3.515
7.467,0.4144,0.5997,3.731
7.5,0.4267,0.6118,4.283
7.533,0.4416,0.6161,3.623
7.567,0.4566,0.5852,3.004
7.6,0.4292,0.64,3.168
7.633,0.4277,0.5937,3.113
7.667,0.4223,0.5972,4.013
7.7,0.4255,0.6297,3.823
7.733,0.4146,0.6005,2.83
7.767,0.4486,0.6125,3.268
7.8,0.4354,0.6044,4.04
7.833,0.4428,0.5966,3.135
7.867,0.443,0.6104,3.714
7.9,0.4292,0.6025,3.361
7.933,0.443,0.613,3.586
7.967,0.4268,0.6104,3.299
8.0,0.4189,0.6244,2.934
8.033,0.4482,0.6226,3.097
8.067,0.4351,0.6152,3.67
8.1,0.4152,0.6046,4.065
8.133,0.4287,0.6074,3.416
8.167,0.4392,0.6037,3.671
8.2,0.4227,0.6235,3.71
8.233,0.4279,0.6013,3.051
8.267,0.4073,0.5926,3.09
8.3,0.5302,0.3283,3.757
8.333,0.5243,0.325,3.679
8.367,0.5473,0.3153,3.168
8.4,0.5099,0.3198,2.741
8.433,0.5197,0.3237,3.224
8.467,0.5387,0.335,3.24
8.5,0.5341,0.3411,3.657
8.533,0.5346,0.3366,3.315
8.567,0.5345,0.3276,3.434
8.6,0.5242,0.3243,3.844
8.633,0.5233,0.3207,3.676
8.667,0.5311,0.3381,3.294
8.7,0.5272,0.3317,3.913
8.733,0.5154,0.3208,3.677
8.767,0.5455,0.3284,4.171
8.8,0.5084,0.3239,3.225
8.833,0.5273,0.31,3.548
8.867,0.5091,0.3128,3.319
8.9,0.5174,0.3328,3.023
8.933,0.5372,0.3319,3.071
8.967,0.5432,0.2981,3.551
9.0,0.5269,0.3283,3.734
9.033,0.5222,0.3167,3.303
9.067,0.5206,0.3262,3.416
9.1,0.5295,0.339,4.0
9.133,0.5349,0.3268,3.438
9.167,0.53,0.3148,3.312
9.2,0.5317,0.3341,3.857
9.233,0.5359,0.3115,3.29
9.267,0.5121,0.3326,3.723
9.3,0.5325,0.3278,3.312
9.333,0.52,0.3332,3.511
9.367,0.539,0.3213,3.383
9.4,0.5372,0.3134,3.276
9.433,0.5293,0.3003,3.544
9.467,0.5269,0.3539,4.216
9.5,0.5388,0.3451,3.773
9.533,0.5374,0.3274,3.486
9.567,0.5332,0.3198,4.018
9.6,0.5394,0.3159,2.76
9.633,0.5313,0.3639,3.555
9.667,0.5368,0.3191,3.197
9.7,0.5436,0.33,3.022
9.733,0.3899,0.4909,3.275
9.767,0.3998,0.4937,3.432
9.8,0.3839,0.4965,3.066
9.833,0.4,0.4726,3.543
9.867,0.399,0.4892,2.846
9.9,0.3996,0.4769,3.702
9.933,0.391,0.4871,3.705
9.967,0.38,0.4961,4.309
10.0,0.3912,0.4946,3.757
10.033,0.3827,0.473,3.341
10.067,0.3808,0.4636,3.273
10.1,0.3854,0.4946,3.665
10.133,0.4123,0.5041,3.665
10.167,0.4108,0.5058,2.934
10.2,0.421,0.4925,2.805
10.233,0.4066,0.4981,3.787
10.267,0.3638,0.4922,3.652
10.3,0.3959,0.4949,3.023
10.333,0.3889,0.4812,4.043
10.367,0.3889,0.4991,3.593
10.4,0.4007,0.5083,3.346
10.433,0.3796,0.5039,3.396
10.467,0.4183,0.479,3.703
10.5,0.396,0.4705,3.434
10.533,0.3607,0.4731,3.412
10.567,0.3951,0.4923,3.839
10.6,0.3897,0.4975,3.088
10.633,0.3988,0.5129,3.602
10.667,0.377,0.4786,3.605
10.7,0.3871,0.4814,3.963
10.733,0.3885,0.5189,3.658
10.767,0.3899,0.4975,3.847
10.8,0.3767,0.4808,3.892
10.833,0.4049,0.5018,3.993
10.867,0.3743,0.5156,3.216
10.9,0.3997,0.48,3.419
10.933,0.4003,0.4816,3.46
10.967,0.3763,0.4919,4.3
11.0,0.4048,0.503,3.968
11.033,0.3736,0.4776,3.726
11.067,0.392,0.5027,3.762
11.1,0.4108,0.4845,3.551
11.133,0.3792,0.4966,4.067
11.167,0.5519,0.5974,3.473
11.2,0.5287,0.5911,3.836
11.233,0.5536,0.6243,3.678
11.267,0.5311,0.6032,3.189
11.3,0.5322,0.608,4.006
11.333,0.5332,0.599,3.783
11.367,0.5597,0.6213,3.558
11.4,0.5442,0.624,3.16
11.433,0.5363,0.6154,3.824
11.467,0.5319,0.6,3.285
11.5,0.5559,0.5942,3.062
11.533,0.5383,0.5946,4.009
11.567,0.5277,0.6093,3.511
11.6,0.5441,0.59,3.653
11.633,0.5703,0.6281,3.825
11.667,0.5316,0.6139,4.085
11.7,0.5449,0.6008,3.101
11.733,0.5266,0.6088,2.848
11.767,0.5406,0.6237,3.955
11.8,0.5449,0.596,3.378
11.833,0.5342,0.6084,3.612
11.867,0.5551,0.594,3.847
11.9,0.5461,0.6251,4.121
11.933,0.5248,0.6266,3.228
11.967,0.5361,0.6082,3.325
12.0,0.5364,0.6135,2.698
12.033,0.5494,0.6156,3.637
12.067,0.5783,0.5779,3.511
12.1,0.5369,0.5925,3.539
12.133,0.5406,0.6002,4.231
12.167,0.54,0.6088,3.072
12.2,0.5359,0.6208,2.876
12.233,0.525,0.6026,3.11
12.267,0.5438,0.6264,3.77
12.3,0.5267,0.5939,2.889
12.333,0.5501,0.6104,3.071
12.367,0.5257,0.6238,3.682
12.4,0.5469,0.6054,3.041
12.433,0.5395,0.6108,3.202
12.467,0.5392,0.6136,3.039
12.5,0.4017,0.3273,3.719
12.533,0.4034,0.3358,3.182
12.567,0.349,0.3374,3.782
12.6,0.3713,0.3062,3.236
12.633,0.3819,0.3201,3.577
12.667,0.3793,0.3479,3.138
12.7,0.3915,0.3344,3.789
12.733,0.3829,0.3348,2.469
12.767,0.3736,0.3212,4.332
12.8,0.3761,0.3352,3.615
12.833,0.3716,0.3303,2.981
12.867,0.3816,0.3218,3.156
12.9,0.3942,0.349,3.437
12.933,0.3836,0.3216,3.525
12.967,0.3573,0.3023,3.195
13.0,0.3956,0.3357,3.964
13.033,0.3739,0.3148,3.429
13.067,0.3791,0.3446,3.194
13.1,0.3851,0.3203,3.503
13.133,0.4183,0.3396,3.872
13.167,0.3657,0.3379,2.918
13.2,0.3862,0.3422,3.162
13.233,0.3858,0.318,3.957
13.267,0.3861,0.3234,3.649
13.3,0.3831,0.3328,3.536
13.333,0.3897,0.3362,4.293
13.367,0.3775,0.366,4.162
13.4,0.3775,0.329,3.014
13.433,0.3873,0.3396,2.93
13.467,0.3938,0.3157,3.685
13.5,0.3748,0.3472,3.891
13.533,0.385,0.3371,3.411
13.567,0.3641,0.3159,3.695
13.6,0.3714,0.3362,3.232
13.633,0.3912,0.3445,3.838
13.667,0.3583,0.3326,3.012
13.7,0.3824,0.3283,3.614
13.733,0.3766,0.3202,3.767
13.767,0.377,0.3042,3.429
13.8,0.3971,0.3357,3.521
13.833,0.3995,0.3232,3.535
13.867,0.3601,0.3554,3.881
13.9,0.3546,0.3181,3.213
13.933,0.3907,0.3507,4.0
13.967,0.3729,0.3307,2.871
14.0,0.3781,0.3399,4.022
14.033,0.3704,0.3407,3.653
14.067,0.5086,0.5047,3.862
14.1,0.4753,0.5142,3.995
14.133,0.4953,0.4923,3.694
14.167,0.4685,0.5188,4.052
14.2,0.4955,0.5172,3.782
14.233,0.5009,0.4871,3.544
14.267,0.4607,0.5135,3.931
14.3,0.4923,0.5033,4.07
14.333,0.4897,0.492,2.811
14.367,0.4683,0.5,3.606
14.4,0.4859,0.5088,2.676
14.433,0.4794,0.5086,3.554
14.467,0.4956,0.5071,3.538
14.5,0.4748,0.5218,3.501
14.533,0.4666,0.5038,4.004
14.567,0.5039,0.5312,3.982
14.6,0.5004,0.4961,3.861
14.633,0.4594,0.4956,2.43
14.667,0.4803,0.5029,4.112
14.7,0.4687,0.4952,3.271
14.733,0.4837,0.5024,2.419
14.767,0.4968,0.5086,3.59
14.8,0.4884,0.4952,3.436
14.833,0.4821,0.4782,3.374
14.867,0.4762,0.4825,4.12
14.9,0.4829,0.5084,3.414
14.933,0.4827,0.5201,3.149
14.967,0.473,0.5005,3.904
15.0,0.4745,0.4978,3.119
15.033,0.4972,0.485,3.932
15.067,0.5011,0.5181,3.124
15.1,0.4883,0.4975,3.806
15.133,0.4841,0.4969,4.302
15.167,0.499,0.4881,3.922
15.2,0.4694,0.5022,3.245
15.233,0.451,0.5195,2.865
15.267,0.4773,0.5109,3.344
15.3,0.4834,0.4805,2.886
15.333,0.4818,0.5068,4.103
15.367,0.4669,0.4895,3.939
15.4,0.4685,0.5111,2.627
15.433,0.4661,0.4907,3.351
15.467,0.4802,0.5031,3.729
15.5,0.4739,0.5205,3.911
15.533,0.5006,0.4864,3.052
15.567,0.5028,0.5073,3.544
15.6,0.4891,0.5111,3.063
15.633,0.4644,0.4863,3.377
15.667,0.4869,0.4929,3.845
15.7,0.5145,0.4962,2.709
15.733,0.4925,0.4899,3.523
15.767,0.6922,0.3493,3.858
15.8,0.7066,0.319,2.842
15.833,0.6839,0.3587,3.176
15.867,0.6832,0.3398,4.14
15.9,0.6694,0.3517,3.523
15.933,0.6844,0.3295,3.902
15.967,0.6885,0.3384,3.777
16.0,0.6901,0.3559,4.065
16.033,0.7001,0.3515,3.919
16.067,0.6745,0.3446,3.548
16.1,0.6823,0.3596,3.258
16.133,0.6782,0.3657,3.82
16.167,0.6865,0.3553,3.139
16.2,0.6814,0.3622,3.267
16.233,0.6797,0.3672,3.345
16.267,0.6921,0.3569,3.395
16.3,0.6939,0.3375,3.056
16.333,0.7041,0.3286,3.482
16.367,0.6882,0.3569,3.84
16.4,0.6995,0.3396,2.841
16.433,0.681,0.3445,2.673
16.467,0.6746,0.3442,3.265
16.5,0.676,0.353,3.54
16.533,0.6844,0.3372,3.684
16.567,0.6777,0.3488,3.632
16.6,0.6767,0.3302,3.476
16.633,0.6734,0.3498,4.331
16.667,0.6648,0.348,3.799
16.7,0.6966,0.3393,3.557
16.733,0.6828,0.3288,3.78
16.767,0.6745,0.3398,3.643
16.8,0.6905,0.342,3.445
16.833,0.6727,0.3401,3.64
16.867,0.6716,0.3677,3.364
16.9,0.6787,0.3653,3.351
16.933,0.6671,0.335,4.042
16.967,0.7039,0.3435,2.834
17.0,0.7125,0.3569,3.288
17.033,0.7035,0.3281,3.241
17.067,0.689,0.3429,3.76
17.1,0.7062,0.3416,3.071
17.133,0.6869,0.3372,3.602
17.167,0.6665,0.3541,3.648
17.2,0.6821,0.3509,3.783
17.233,0.6744,0.3458,3.86
17.267,0.6758,0.3401,3.539
17.3,0.6881,0.3398,3.274
17.333,0.6928,0.3323,3.514
17.367,0.681,0.3622,2.883
17.4,0.6771,0.3247,3.935
17.433,0.7011,0.3446,3.136
17.467,0.6734,0.3321,3.406
17.5,0.6927,0.3323,3.347
17.533,0.6651,0.3538,4.29
17.567,0.6886,0.3534,3.284
17.6,0.6792,0.3509,3.421
17.633,0.674,0.3418,4.036
17.667,0.6881,0.3493,3.66
17.7,0.6996,0.3563,3.251
17.733,0.6755,0.3403,3.898
17.767,0.6957,0.3631,3.416
17.8,0.6935,0.3431,3.821
17.833,0.6093,0.6252,4.027
17.867,0.6169,0.6296,3.228
17.9,0.6162,0.6264,3.085
17.933,0.6202,0.6432,3.273
17.967,0.634,0.6522,3.742
18.0,0.619,0.6263,4.302
18.033,0.6265,0.6292,3.751
18.067,0.5991,0.6333,3.806
18.1,0.5999,0.6589,3.355
18.133,0.6286,0.6524,3.537
18.167,0.61,0.6343,3.636
18.2,0.6174,0.6307,2.793
18.233,0.6153,0.6407,3.363
18.267,0.6064,0.635,3.327
18.3,0.6301,0.6376,3.546
18.333,0.5938,0.6246,3.925
18.367,0.6067,0.6303,3.59
18.4,0.6174,0.625,3.866
18.433,0.6338,0.6333,3.756
18.467,0.621,0.6254,3.745
18.5,0.5903,0.6415,3.365
18.533,0.6248,0.6478,3.466
18.567,0.6139,0.6382,3.554
18.6,0.6053,0.6169,3.383
18.633,0.6161,0.642,3.66
18.667,0.6209,0.6463,3.197
18.7,0.627,0.6456,3.861
18.733,0.6245,0.6392,3.52
18.767,0.6086,0.6124,2.992
18.8,0.618,0.6528,3.987
18.833,0.6214,0.6599,4.07
18.867,0.6244,0.6131,3.994
18.9,0.6297,0.627,3.232
18.933,0.6163,0.6333,3.182
18.967,0.6171,0.658,3.442
19.0,0.6322,0.6223,3.256
19.033,0.6232,0.6305,3.82
19.067,0.6336,0.6583,3.258
19.1,0.6142,0.6517,3.376
19.133,0.6323,0.6495,3.685
19.167,0.6333,0.6394,3.472
19.2,0.6246,0.6406,3.119
19.233,0.6214,0.6411,3.627
19.267,0.5952,0.6388,3.325
19.3,0.6329,0.6251,3.643
19.333,0.6137,0.6045,3.606
19.367,0.5514,0.6007,3.583
19.4,0.5247,0.617,3.155
19.433,0.5271,0.6181,3.28
19.467,0.5128,0.6068,3.626
19.5,0.5196,0.5914,3.009
19.533,0.5338,0.5963,4.079
19.567,0.5247,0.6031,3.57
19.6,0.4973,0.6167,3.588
19.633,0.5349,0.6108,3.122
19.667,0.527,0.625,3.341
19.7,0.5348,0.5957,3.304
19.733,0.5357,0.6223,2.86
19.767,0.5298,0.6079,3.069
19.8,0.5366,0.6178,3.986
19.833,0.5366,0.6046,3.09
19.867,0.5391,0.6061,3.54
19.9,0.528,0.6232,3.856
19.933,0.5273,0.5988,3.315
19.967,0.5376,0.5975,3.61
20.0,0.5448,0.6097,3.402
20.033,0.5433,0.6087,3.334
20.067,0.5189,0.5746,3.885
20.1,0.5199,0.622,3.358
20.133,0.5251,0.6189,2.686
20.167,0.5438,0.5883,3.053
20.2,0.5256,0.6066,3.399
20.233,0.548,0.6272,3.768
20.267,0.5219,0.6161,3.196
20.3,0.5347,0.5949,3.97
20.333,0.5439,0.6286,2.779
20.367,0.5181,0.6161,3.231
20.4,0.5224,0.621,3.468
20.433,0.5439,0.604,3.322
20.467,0.5285,0.6275,3.207
20.5,0.5283,0.621,3.766
20.533,0.5096,0.5903,2.991
20.567,0.5433,0.6108,3.214
20.6,0.5267,0.5945,3.348
20.633,0.5327,0.5915,2.81
20.667,0.528,0.6154,3.438
20.7,0.5265,0.5883,3.531
20.733,0.5095,0.6016,3.564
20.767,0.5025,0.6165,3.885
20.8,0.5209,0.5993,3.225
20.833,0.525,0.5975,3.784
20.867,0.5454,0.5988,3.553
20.9,0.5147,0.6197,3.256
20.933,0.5209,0.6248,3.042
20.967,0.5381,0.6017,3.856
21.0,0.3975,0.3695,2.765
21.033,0.3821,0.3681,3.746
21.067,0.3858,0.3705,3.494
21.1,0.3851,0.3748,3.872
21.133,0.4006,0.3686,3.138
21.167,0.3836,0.3761,2.821
21.2,0.3737,0.3806,3.56
21.233,0.3836,0.3678,3.665
21.267,0.3757,0.3736,3.75
21.3,0.3876,0.3797,3.48
21.333,0.3936,0.371,3.368
21.367,0.4011,0.3762,3.353
21.4,0.3983,0.3711,3.628
21.433,0.3987,0.3758,2.999
21.467,0.3768,0.3703,3.434
21.5,0.3882,0.3556,3.559
21.533,0.3881,0.3517,4.074
21.567,0.3877,0.3653,3.331
21.6,0.3708,0.3683,3.071
21.633,0.4006,0.3953,4.098
21.667,0.3812,0.3923,3.572
21.7,0.3892,0.3959,3.819
21.733,0.3868,0.3841,3.174
21.767,0.3736,0.3904,2.855
21.8,0.3962,0.3898,3.313
21.833,0.4053,0.3721,3.632
21.867,0.3916,0.3538,3.723
21.9,0.3757,0.3613,3.804
21.933,0.3961,0.3831,3.158
21.967,0.3913,0.3784,3.469
22.0,0.411,0.3868,2.789
22.033,0.3805,0.3973,2.996
22.067,0.4075,0.3871,3.244
22.1,0.36,0.3656,3.387
22.133,0.3925,0.3726,3.888
22.167,0.3673,0.3781,3.655
22.2,0.378,0.3799,3.93
22.233,0.3903,0.3945,2.741
22.267,0.3762,0.3896,3.505
22.3,0.3755,0.3893,2.962
22.333,0.393,0.3818,3.758
22.367,0.3886,0.3683,3.27
22.4,0.3916,0.3831,3.511
22.433,0.4014,0.3809,3.712
22.467,0.4032,0.3627,3.445
22.5,0.3993,0.3232,3.008
22.533,0.3691,0.3411,3.121
22.567,0.3887,0.3263,3.005
22.6,0.4038,0.3418,3.106
22.633,0.4234,0.3489,3.202
22.667,0.4091,0.3336,3.667
22.7,0.386,0.3307,2.607
22.733,0.412,0.3065,4.406
22.767,0.3994,0.3523,3.369
22.8,0.4115,0.3304,3.461
22.833,0.3962,0.3414,3.182
22.867,0.3975,0.3404,3.266
22.9,0.4212,0.3305,3.293
22.933,0.3933,0.3467,3.121
22.967,0.4047,0.324,3.885
23.0,0.3762,0.3551,3.344
23.033,0.4236,0.3323,3.445
23.067,0.4068,0.3368,3.259
23.1,0.4066,0.3549,4.6
23.133,0.4069,0.3333,3.231
23.167,0.4054,0.3368,3.668
23.2,0.4102,0.3318,3.925
23.233,0.3937,0.3577,3.051
23.267,0.4107,0.3454,3.144
23.3,0.4284,0.3353,3.051
23.333,0.3993,0.3396,3.625
23.367,0.3895,0.3236,3.681
23.4,0.3889,0.3422,3.877
23.433,0.3823,0.3354,3.136
23.467,0.3997,0.3528,3.52
23.5,0.3967,0.3459,3.313
23.533,0.4114,0.3437,3.669
23.567,0.4192,0.3131,2.426
23.6,0.4066,0.3304,4.223
23.633,0.397,0.3507,3.232
23.667,0.3945,0.3266,3.812
23.7,0.4162,0.3108,3.129
23.733,0.4177,0.3219,3.599
23.767,0.4241,0.3255,3.273
23.8,0.4086,0.3387,3.283
23.833,0.4029,0.3415,4.079
23.867,0.4016,0.3486,4.185
23.9,0.4094,0.3136,3.092
23.933,0.3691,0.363,3.359
23.967,0.3736,0.3357,2.943
24.0,0.394,0.3269,4.001
24.033,0.3903,0.3604,3.84
24.067,0.4131,0.3212,3.77
24.1,0.5302,0.6906,3.04
24.133,0.5502,0.7338,3.566
24.167,0.5523,0.721,3.344
24.2,0.5053,0.6975,3.302
24.233,0.5243,0.7124,3.507
24.267,0.5225,0.717,3.803
24.3,0.5134,0.7026,3.953
24.333,0.5171,0.7069,3.675
24.367,0.507,0.734,3.975
24.4,0.5138,0.7008,3.58
24.433,0.5322,0.699,3.474
24.467,0.5385,0.7206,3.687
24.5,0.5394,0.6997,3.57
24.533,0.5161,0.7044,3.552
24.567,0.5204,0.7088,4.084
24.6,0.5296,0.7086,3.914
24.633,0.5206,0.7235,3.587
24.667,0.5422,0.72,3.443
24.7,0.5343,0.7153,3.742
24.733,0.5475,0.7028,3.827
24.767,0.5119,0.7076,3.438
24.8,0.5268,0.7058,3.18
24.833,0.524,0.7069,2.781
24.867,0.5311,0.7012,4.22
24.9,0.5149,0.7089,3.56
24.933,0.5337,0.7078,3.482
24.967,0.5119,0.7098,3.894
25.0,0.5208,0.7161,4.192
25.033,0.5221,0.7099,3.152
25.067,0.5394,0.7122,4.149
25.1,0.5271,0.7074,4.03
25.133,0.5183,0.7175,3.954
25.167,0.5111,0.7028,3.399
25.2,0.5158,0.7166,3.496
25.233,0.5562,0.6954,3.744
25.267,0.5367,0.7103,3.628
25.3,0.5536,0.6804,3.541
25.333,0.5176,0.7183,3.88
25.367,0.5291,0.7167,3.752
25.4,0.5067,0.7077,3.26
25.433,0.5209,0.7378,2.937
25.467,0.5338,0.7167,3.487
25.5,0.5259,0.73,3.505
25.533,0.5308,0.7163,3.082
25.567,0.5174,0.7237,3.15
25.6,0.5406,0.698,2.983
25.633,0.5189,0.7158,3.424
25.667,0.5262,0.6997,2.847
25.7,0.5304,0.7195,3.841
25.733,0.5283,0.7053,3.402
25.767,0.5333,0.7083,3.572
25.8,0.5629,0.6497,4.33
25.833,0.5431,0.6478,3.571
25.867,0.5502,0.6557,2.932
25.9,0.5443,0.6469,3.944
25.933,0.5507,0.635,3.477
25.967,0.5462,0.6506,2.956
26.0,0.5561,0.6505,2.979
26.033,0.5393,0.6318,3.434
26.067,0.5362,0.6296,3.348
26.1,0.5317,0.6368,4.055
26.133,0.5385,0.6525,3.191
26.167,0.5422,0.6436,3.696
